"khaki" "royalblue3" "violetred4"
28.54 50.85 20.62
37.76 37.37 24.86
35.05 39.32 25.63
90.44 0 9.56
61.04 21.55 17.41
20.44 41.51 38.04
23.23 41.22 35.55
26.63 44.24 29.12
83.62 0 16.38
41.21 40.26 18.53
45.07 36.9 18.02
85.55 0 14.45
