"khaki" "royalblue3" "violetred4"
17.38 60.04 22.58
25.09 46.91 28
21.56 60.37 18.06
25.78 53.14 21.08
28.72 50.53 20.75
28.05 44.6 27.35
88.06 0 11.94
38.68 39.96 21.36
13.54 44.51 41.94
15.74 44.03 40.22
18.45 49.32 32.23
40.2 42.27 17.53
